1.92475
1.24015
0.842734
0.315965
0.482646
4.27147
0.219734
9.51307
3.54464
2.1212
2.99942
0.268688
2.43898
0.689234
0.356041
0.648427
0.625955
3.15328
1.17923
1.22103
1.93491
0.351133
0.660617
3.3733
2.63401
0.87172
0.700904
2.17307
1.25321
0.746213
0.200381
0.438692
0.492238
0.655622
0.213879
1.75185
0.7168
0.590888
2.09033
4.02203
1.19847
1.40554
3.91678
4.16933
2.98085
0.736482
0.912661
2.01097
0.000309947
4.66637
1.15432
1.78631
1.04863
1.28201
0.351632
1.26219
2.11704
3.5421
0.0116094
0.694666
0.141125
1.85011
3.86989
0.905241
1.08871
0.492818
0.322274
2.68623
0.870145
0.776504
1.36395
1.87824
0.644605
0.715591
1.71545
0.167074
1.9425
0.138227
1.93105
0.700861
0.611715
3.36833
1.67461
1.00684
2.29371
2.79695
0.135292
3.51766
0.704114
0.346178
0.822497
1.39966
1.94924
0.715809
1.12465
2.00094
2.63689
1.19002
6.15972
0.0628466
0.514656
2.24449
1.81334
0.811372
2.44436
0.444711
0.890032
3.73869
1.36682
3.46591
0.344354
0.53146
4.33936
2.51843
0.970693
2.03431
0.807893
4.02523
0.172232
0.747654
0.767256
0.381848
2.44733
0.304635
1.69842
0.630655
2.22809
2.64461
0.655824
0.00532811
1.26914
0.646892
1.52854
4.91362
3.91085
1.50607
1.59172
2.79625
1.35412
1.15434
0.421921
0.555648
2.3085
1.42388
5.00396
0.494254
1.20601
0.268806
1.75621
0.137414
4.78314
0.522315
0.674505
3.65488
3.60893
3.09314
3.06903
0.762279
1.85149
4.28037
1.94901
0.861657
0.624609
2.13207
5.31918
2.12523
0.538736
1.52854
0.499538
0.207703
2.24396
0.269132
3.03578
1.39148
14.5663
0.708524
1.29439
1.76864
0.189205
1.22321
5.99966
2.26342
0.663312
2.03697
3.32886
5.306
2.69605
0.322417
0.628878
0.551212
0.539006
2.0239
4.42611
1.44966
5.75979
1.20199
1.13914
0.040514
0.539134
2.63726
1.67284
3.01115
0.0694869
0.369069
0.821934
0.114431
1.52339
0.228503
3.8368
1.99727
0.445401
0.908907
1.22809
0.0594847
0.0978972
4.28108
1.01481
0.306043
2.1329
0.0895111
4.39769
3.19294
1.36755
0.604482
0.54448
5.93607
0.770507
3.43125
1.20706
1.47547
1.33837
0.674811
1.73747
0.252581
2.1361
7.93501
0.513364
4.09111
1.84956
2.14885
0.835187
2.71354
1.01808
2.09077
0.715184
1.04928
5.33922
5.25656
0.561687
