3.23693
1.21449
1.18913
1.80352
0.443286
3.17021
2.79625
0.988827
2.14941
1.46534
4.34518
0.539676
3.43887
4.44176
2.56311
6.4967
6.81179
4.46917
4.89712
4.21615
1.87846
0.908878
1.37918
0.926172
3.46584
11.0692
0.235381
1.44558
3.84388
2.60713
0.945998
1.81053
0.62819
4.64537
1.73184
3.24886
1.12933
0.690928
0.268104
0.636734
4.0733
0.283541
2.27731
0.573335
1.01412
2.74025
7.13371
3.03607
4.88814
11.0042
3.57062
3.39882
2.11174
1.28421
0.892602
1.39492
3.37532
8.05041
1.33144
1.79603
0.275278
6.62241
6.03578
2.44356
1.93571
6.69708
1.73541
3.07602
3.2404
10.0555
3.24918
5.71521
2.1043
1.26666
0.378028
2.46372
1.75739
2.56857
0.971998
1.09442
4.15964
5.53302
1.02265
2.40996
1.47267
4.40564
0.0813069
3.4625
0.229327
0.511045
2.86739
1.9025
1.74745
4.67337
1.49262
1.33994
7.26447
3.38884
2.38167
3.16558
2.08049
4.9924
1.07298
1.98495
1.00331
2.56711
1.71005
3.04529
1.00754
1.10801
3.45798
3.80853
2.83865
2.97647
1.18592
1.349
0.549263
2.5739
1.88063
2.91172
5.50028
5.90753
1.57641
4.05017
3.50349
2.38854
0.180935
2.34031
1.14331
4.2502
0.853762
0.158296
4.16163
0.620539
1.12595
5.19237
5.89742
3.90859
5.54368
2.73166
4.24021
3.17261
1.20711
0.254206
4.42712
0.483624
0.383727
2.5069
3.93368
0.326505
6.15328
0.927849
7.06968
1.03334
1.91811
1.25984
1.81113
1.80193
2.74154
1.7249
2.81292
3.80784
2.92954
0.27194
4.52043
2.08661
2.30667
5.17155
7.83399
1.69829
0.725729
1.69981
3.95296
1.15872
4.98323
1.56438
2.45578
1.92149
6.59386
1.96104
0.926933
3.69647
1.6275
0.894567
2.00351
3.51596
0.318874
1.86464
1.3056
6.4254
0.253599
11.0127
3.58034
0.585528
1.37703
0.959433
1.99331
1.6934
5.13844
2.26114
2.75685
1.78657
7.23235
8.4459
0.205588
0.88654
2.78326
2.15265
1.12544
0.603176
8.93173
2.29959
0.948714
3.24359
4.67736
1.87537
5.56769
1.48162
2.51038
5.84705
1.69688
6.54247
4.30067
2.03374
1.61638
4.41485
1.67304
5.69461
2.90376
0.459678
0.0563772
0.530425
0.294456
7.82813
6.5035
0.569615
2.27994
0.20071
1.48731
0.713906
2.64653
9.5303
0.174931
6.66794
3.99554
2.65496
6.39648
1.54238
2.17694
